free-deployment-average-251-a5d7aa02e25a,0.000220,0.000200,0.000330,0.000395,0.003426,3480,0.000000,0.000000
prod-deployment-average-2-3d1d6f404c8b,0.000216,0.000200,0.000323,0.000381,0.002043,3479,0.000000,0.000000
free-deployment-average-175-b51318efd3eb,0.000209,0.000196,0.000279,0.000356,0.004111,3478,0.000000,0.000000
batch-deployment-average-97-0fb0fcd3350a,0.000206,0.000199,0.000265,0.000346,0.000763,3477,0.000000,0.000000
free-deployment-average-189-1d65d58de00f,0.000233,0.000209,0.000354,0.000397,0.000788,3476,0.000000,0.000000
prod-deployment-average-21-2c76ddeef8e6,0.000214,0.000195,0.000331,0.000393,0.002735,3475,0.000000,0.000000
free-deployment-average-190-4049a76a323e,0.000229,0.000217,0.000336,0.000391,0.001782,3474,0.000000,0.000000
batch-deployment-average-135-806b32ad04c8,0.000203,0.000192,0.000278,0.000349,0.003924,3473,0.000000,0.000000
free-deployment-average-230-33d94d7da231,0.000244,0.000221,0.000353,0.000403,0.004071,3472,0.000000,0.000000
batch-deployment-average-147-3803829be7d1,0.000242,0.000219,0.000356,0.000413,0.003056,3471,0.000000,0.000000
prod-deployment-average-35-17ad450a5a01,0.000228,0.000208,0.000348,0.000404,0.000999,3470,0.000000,0.000000
free-deployment-average-211-2a32f003e83f,0.000229,0.000210,0.000351,0.000403,0.000921,3469,0.000000,0.000000
batch-deployment-average-87-8a017d829e14,0.000243,0.000223,0.000368,0.000419,0.002061,3468,0.000000,0.000000
batch-deployment-average-128-911e9387da52,0.000267,0.000261,0.000373,0.000413,0.001112,3467,0.000000,0.000000
batch-deployment-average-104-9b8abfa5c6da,0.000250,0.000232,0.000362,0.000399,0.000621,3466,0.000000,0.000000
prod-deployment-average-8-08ad4e9e732c,0.000252,0.000231,0.000366,0.000423,0.001474,3465,0.000000,0.000000
free-deployment-average-218-4c07a42a6f97,0.000250,0.000229,0.000365,0.000403,0.000594,3464,0.000000,0.000000
batch-deployment-average-93-d03736560b9b,0.000252,0.000227,0.000368,0.000410,0.003723,3463,0.000000,0.000000
batch-deployment-average-101-ba09dd6e9395,0.000259,0.000245,0.000365,0.000414,0.001534,3462,0.000000,0.000000
prod-deployment-average-46-2e0e31d519dd,0.000250,0.000228,0.000359,0.000407,0.001228,3461,0.000000,0.000000
batch-deployment-average-99-ea1f6c9a35e7,0.000250,0.000228,0.000359,0.000412,0.002530,3460,0.000000,0.000000
batch-deployment-average-115-1b2fe38222ea,0.000248,0.000225,0.000359,0.000404,0.004074,3459,0.000000,0.000000
free-deployment-average-225-67e41538caf2,0.000249,0.000231,0.000353,0.000397,0.002049,3458,0.000000,0.000000
batch-deployment-average-145-e96dfde1cfe1,0.000251,0.000229,0.000364,0.000416,0.001217,3457,0.000000,0.000000
prod-deployment-average-55-f977f08d3b10,0.000247,0.000225,0.000359,0.000422,0.003999,3456,0.000000,0.000000
free-deployment-average-249-6a9239cf7aed,0.000249,0.000227,0.000363,0.000405,0.001070,3455,0.000000,0.000000
batch-deployment-average-160-3f12b54a6ed7,0.000249,0.000228,0.000361,0.000408,0.000703,3454,0.000000,0.000000
free-deployment-average-232-284ab45a9bf2,0.000248,0.000224,0.000366,0.000406,0.000850,3453,0.000000,0.000000
prod-deployment-average-43-7b83e03da557,0.000248,0.000225,0.000364,0.000410,0.001115,3452,0.000000,0.000000
free-deployment-average-238-9f0b2afb622f,0.000251,0.000228,0.000371,0.000421,0.001603,3451,0.000000,0.000000
prod-deployment-average-36-eb4bd84a7be5,0.000254,0.000237,0.000364,0.000403,0.000964,3450,0.000000,0.000000
batch-deployment-average-95-ca149bf25c03,0.000246,0.000223,0.000358,0.000396,0.001472,3449,0.000000,0.000000
free-deployment-average-237-d06f3c846a05,0.000251,0.000228,0.000363,0.000413,0.001634,3448,0.000000,0.000000
prod-deployment-average-78-f1e04cb4a40e,0.000252,0.000230,0.000369,0.000416,0.001065,3447,0.000000,0.000000
free-deployment-average-233-7edca1888ec1,0.000243,0.000219,0.000356,0.000408,0.001553,3446,0.000000,0.000000
prod-deployment-average-22-ef5f886572df,0.000248,0.000228,0.000360,0.000408,0.003540,3445,0.000000,0.000000
prod-deployment-average-18-1c148854849a,0.000249,0.000225,0.000363,0.000406,0.009357,3444,0.000000,0.000000
batch-deployment-average-127-786da899d852,0.000245,0.000222,0.000358,0.000409,0.000810,3443,0.000000,0.000000
free-deployment-average-196-42316a05b473,0.000242,0.000219,0.000353,0.000398,0.002377,3442,0.000000,0.000000
prod-deployment-average-71-c55737588f1d,0.000245,0.000223,0.000358,0.000400,0.002631,3441,0.000000,0.000000
prod-deployment-average-44-3e17b2bc8a1b,0.000250,0.000228,0.000361,0.000400,0.003447,3440,0.000000,0.000000
batch-deployment-average-116-69efb0173cb4,0.000245,0.000223,0.000354,0.000404,0.002028,3439,0.000000,0.000000
prod-deployment-average-56-6f9398e97a32,0.000230,0.000206,0.000354,0.000405,0.000944,3438,0.000000,0.000000
free-deployment-average-220-99e38f6744d2,0.000246,0.000220,0.000364,0.000402,0.000835,3437,0.000000,0.000000
batch-deployment-average-125-59fa8a0d06d4,0.000247,0.000223,0.000367,0.000411,0.001438,3436,0.000000,0.000000
batch-deployment-average-82-997850066ead,0.000254,0.000230,0.000367,0.000412,0.004036,3435,0.000000,0.000000
prod-deployment-average-3-268a370c5aa2,0.000252,0.000232,0.000364,0.000409,0.001720,3434,0.000000,0.000000
free-deployment-average-195-d3d5eda1ff97,0.000246,0.000224,0.000358,0.000407,0.002299,3433,0.000000,0.000000
prod-deployment-average-29-e61c645d25e8,0.000248,0.000223,0.000362,0.000402,0.003296,3432,0.000000,0.000000
batch-deployment-average-112-b2f2aee0645c,0.000251,0.000232,0.000362,0.000401,0.001056,3431,0.000000,0.000000
free-deployment-average-224-d842266220ff,0.000258,0.000243,0.000366,0.000406,0.000840,3430,0.000000,0.000000
prod-deployment-average-62-c438faa1e0e1,0.000258,0.000240,0.000374,0.000411,0.001050,3429,0.000000,0.000000
free-deployment-average-207-c9876766132b,0.000264,0.000247,0.000370,0.000412,0.000967,3428,0.000000,0.000000
prod-deployment-average-68-bac042e70c29,0.000262,0.000242,0.000377,0.000418,0.003102,3427,0.000000,0.000000
free-deployment-average-247-e57db1a2c046,0.000227,0.000206,0.000347,0.000396,0.001232,3426,0.000000,0.000000
free-deployment-average-206-8d453f8b55c8,0.000234,0.000212,0.000359,0.000412,0.001241,3425,0.000000,0.000000
prod-deployment-average-33-51d2c4c76cf6,0.000229,0.000203,0.000356,0.000395,0.001173,3424,0.000000,0.000000
free-deployment-average-255-bc5338af8cb4,0.000226,0.000208,0.000333,0.000390,0.004056,3423,0.000000,0.000000
batch-deployment-average-122-1dee47eccbde,0.000238,0.000222,0.000348,0.000400,0.001991,3422,0.000000,0.000000
free-deployment-average-227-ef84010036f4,0.000245,0.000221,0.000363,0.000410,0.004056,3421,0.000000,0.000000
prod-deployment-average-53-208c8ad9484d,0.000199,0.000190,0.000267,0.000348,0.000650,3420,0.000000,0.000000
free-deployment-average-229-394445802237,0.000204,0.000192,0.000289,0.000375,0.001282,3419,0.000000,0.000000
free-deployment-average-200-5f181c070634,0.000217,0.000196,0.000338,0.000409,0.004284,3418,0.000000,0.000000
batch-deployment-average-120-cd8fc48225a5,0.000224,0.000203,0.000340,0.000401,0.004068,3417,0.000000,0.000000
