free-deployment-average-251-98900afcc72c,0.000215,0.000202,0.000317,0.000369,0.001286,3480,0.000000,0.000000
prod-deployment-average-2-78a5f8e3395b,0.000286,0.000286,0.000365,0.000399,0.002450,3479,0.000000,0.000000
free-deployment-average-184-9c6d5e1ddbbe,0.000288,0.000286,0.000372,0.000420,0.003666,3478,0.000000,0.000000
free-deployment-average-175-89be5abea71b,0.000258,0.000249,0.000353,0.000401,0.001171,3477,0.000000,0.000000
batch-deployment-average-97-aeaaf3c399f5,0.000275,0.000267,0.000358,0.000412,0.007317,3476,0.000000,0.000000
free-deployment-average-189-0c8159b9761e,0.000267,0.000256,0.000361,0.000410,0.002628,3475,0.000000,0.000000
free-deployment-average-179-5930cefa2afa,0.000276,0.000267,0.000363,0.000414,0.004093,3474,0.000000,0.000000
free-deployment-average-245-bb4d2fa0b1f1,0.000267,0.000259,0.000361,0.000411,0.001484,3473,0.000000,0.000000
prod-deployment-average-40-bd84975c4352,0.000270,0.000258,0.000365,0.000420,0.004073,3472,0.000000,0.000000
batch-deployment-average-108-7ebacdf30a56,0.000271,0.000257,0.000372,0.000423,0.004045,3471,0.000000,0.000000
free-deployment-average-197-33d70c6203e2,0.000227,0.000219,0.000291,0.000358,0.002019,3470,0.000000,0.000000
prod-deployment-average-21-97f9fa6c6ee6,0.000232,0.000222,0.000322,0.000383,0.001814,3469,0.000000,0.000000
batch-deployment-average-117-7f5bfc9ec76d,0.000294,0.000291,0.000388,0.000442,0.001732,3468,0.000000,0.000000
free-deployment-average-190-5181904d7a0f,0.000220,0.000201,0.000332,0.000388,0.000975,3467,0.000000,0.000000
prod-deployment-average-63-fe29a50ecde3,0.000200,0.000187,0.000293,0.000369,0.001579,3466,0.000000,0.000000
batch-deployment-average-135-6f16a064bb58,0.000194,0.000186,0.000259,0.000335,0.001229,3465,0.000000,0.000000
free-deployment-average-230-99104ec2d1ef,0.000196,0.000188,0.000258,0.000328,0.001420,3464,0.000000,0.000000
batch-deployment-average-147-eb8a478921ad,0.000254,0.000243,0.000349,0.000401,0.001504,3463,0.000000,0.000000
free-deployment-average-163-b9a491f888e7,0.000206,0.000197,0.000291,0.000358,0.004053,3462,0.000000,0.000000
batch-deployment-average-137-ba47cdd52ed6,0.000265,0.000252,0.000359,0.000418,0.001806,3461,0.000000,0.000000
free-deployment-average-210-21f76f7fc1ca,0.000224,0.000210,0.000326,0.000378,0.000676,3460,0.000000,0.000000
batch-deployment-average-84-259eac451c3b,0.000271,0.000263,0.000354,0.000409,0.002699,3459,0.000000,0.000000
free-deployment-average-209-39579b3c021a,0.000261,0.000249,0.000361,0.000418,0.001597,3458,0.000000,0.000000
batch-deployment-average-81-dca16ca4b7ce,0.000267,0.000258,0.000344,0.000393,0.003752,3457,0.000000,0.000000
prod-deployment-average-35-8324508df5d5,0.000255,0.000244,0.000362,0.000437,0.001759,3456,0.000000,0.000000
free-deployment-average-211-b1a17f63af01,0.000213,0.000204,0.000287,0.000348,0.000720,3455,0.000000,0.000000
prod-deployment-average-70-7dffa3337ebf,0.000190,0.000183,0.000254,0.000337,0.000651,3454,0.000000,0.000000
batch-deployment-average-141-d1c388f97edd,0.000194,0.000187,0.000251,0.000333,0.001295,3453,0.000000,0.000000
prod-deployment-average-17-67f969f32c4e,0.000194,0.000187,0.000266,0.000337,0.000609,3452,0.000000,0.000000
batch-deployment-average-87-c3d11835c0b6,0.000187,0.000180,0.000249,0.000322,0.002083,3451,0.000000,0.000000
prod-deployment-average-39-3119a9a7c600,0.000212,0.000197,0.000311,0.000370,0.000750,3450,0.000000,0.000000
batch-deployment-average-128-27aa05c16d42,0.000228,0.000212,0.000331,0.000379,0.003038,3449,0.000000,0.000000
prod-deployment-average-24-86ca4b6d0e62,0.000231,0.000217,0.000334,0.000398,0.000674,3448,0.000000,0.000000
batch-deployment-average-104-a1c6cdb03e2c,0.000266,0.000258,0.000352,0.000400,0.003392,3447,0.000000,0.000000
prod-deployment-average-16-b117b639fb42,0.000229,0.000215,0.000327,0.000389,0.003810,3446,0.000000,0.000000
prod-deployment-average-8-f6fe0f130c69,0.000215,0.000204,0.000295,0.000352,0.000793,3445,0.000000,0.000000
free-deployment-average-218-cad900b1d79c,0.000205,0.000194,0.000291,0.000362,0.001157,3444,0.000000,0.000000
batch-deployment-average-93-700be1761285,0.000203,0.000192,0.000283,0.000363,0.001981,3443,0.000000,0.000000
batch-deployment-average-144-6feb7f55360f,0.000197,0.000189,0.000263,0.000340,0.001201,3442,0.000000,0.000000
prod-deployment-average-41-c1d6ccc4ed9b,0.000262,0.000257,0.000348,0.000389,0.000659,3441,0.000000,0.000000
batch-deployment-average-101-06682d0f0660,0.000251,0.000242,0.000348,0.000387,0.012134,3440,0.000000,0.000000
prod-deployment-average-46-b0586262d49f,0.000198,0.000188,0.000273,0.000339,0.001521,3439,0.000000,0.000000
batch-deployment-average-151-740af54f0add,0.000219,0.000207,0.000302,0.000373,0.002801,3438,0.000000,0.000000
batch-deployment-average-156-652fb6d4e604,0.000287,0.000281,0.000378,0.000434,0.001494,3437,0.000000,0.000000
batch-deployment-average-99-1a343aec805f,0.000275,0.000263,0.000363,0.000413,0.004056,3436,0.000000,0.000000
free-deployment-average-235-6408bf1245b2,0.000282,0.000277,0.000377,0.000431,0.001382,3435,0.000000,0.000000
batch-deployment-average-115-149d22a3d405,0.000204,0.000194,0.000280,0.000356,0.001668,3434,0.000000,0.000000
prod-deployment-average-11-daf5fa5abfe6,0.000209,0.000196,0.000300,0.000374,0.001798,3433,0.000000,0.000000
free-deployment-average-225-379a7f77f5c1,0.000207,0.000194,0.000293,0.000363,0.003596,3432,0.000000,0.000000
batch-deployment-average-159-8e543557d9ea,0.000242,0.000229,0.000343,0.000392,0.003262,3431,0.000000,0.000000
batch-deployment-average-126-73793edc99fb,0.000270,0.000260,0.000353,0.000406,0.004072,3430,0.000000,0.000000
prod-deployment-average-32-11a03c29e629,0.000266,0.000258,0.000343,0.000389,0.001828,3429,0.000000,0.000000
batch-deployment-average-145-142763f82f00,0.000204,0.000196,0.000267,0.000356,0.002387,3428,0.000000,0.000000
free-deployment-average-165-00dfcfbf3443,0.000193,0.000187,0.000244,0.000307,0.001190,3427,0.000000,0.000000
prod-deployment-average-69-ecc8c366ab08,0.000194,0.000185,0.000278,0.000346,0.001077,3426,0.000000,0.000000
batch-deployment-average-131-f0b200ba3b45,0.000191,0.000183,0.000250,0.000359,0.001375,3425,0.000000,0.000000
free-deployment-average-161-08923ba80ac5,0.000184,0.000181,0.000228,0.000293,0.000646,3424,0.000000,0.000000
prod-deployment-average-55-c5c573aef86e,0.000185,0.000180,0.000229,0.000304,0.002111,3423,0.000000,0.000000
free-deployment-average-249-d647bdfefa1a,0.000188,0.000182,0.000236,0.000314,0.001437,3422,0.000000,0.000000
batch-deployment-average-160-283602b0a415,0.000210,0.000199,0.000286,0.000363,0.001296,3421,0.000000,0.000000
free-deployment-average-232-7c269ee1ebcf,0.000215,0.000206,0.000285,0.000361,0.002476,3420,0.000000,0.000000
free-deployment-average-167-579780d54b9a,0.000267,0.000259,0.000372,0.000418,0.002062,3419,0.000000,0.000000
prod-deployment-average-43-9d673665da88,0.000233,0.000218,0.000346,0.000402,0.001676,3418,0.000000,0.000000
free-deployment-average-238-9ef284ab7f0b,0.000208,0.000199,0.000277,0.000353,0.002101,3417,0.000000,0.000000
prod-deployment-average-36-5d577a58c079,0.000233,0.000217,0.000334,0.000390,0.004057,3416,0.000000,0.000000
batch-deployment-average-95-9decbc7e1b55,0.000262,0.000256,0.000342,0.000378,0.001001,3415,0.000000,0.000000
free-deployment-average-237-dea82c01cd93,0.000258,0.000251,0.000342,0.000386,0.001790,3414,0.000000,0.000000
batch-deployment-average-129-6479d86343a6,0.000191,0.000185,0.000234,0.000305,0.001630,3413,0.000000,0.000000
prod-deployment-average-25-e5cfff02c88d,0.000256,0.000244,0.000353,0.000404,0.004001,3412,0.000000,0.000000
free-deployment-average-162-451b13fa1346,0.000211,0.000200,0.000302,0.000360,0.001527,3411,0.000000,0.000000
batch-deployment-average-107-32fb104d2f88,0.000197,0.000190,0.000261,0.000340,0.001787,3410,0.000000,0.000000
free-deployment-average-244-4ffc0dc813ac,0.000248,0.000238,0.000341,0.000403,0.002691,3409,0.000000,0.000000
prod-deployment-average-78-cb2bbc9c142f,0.000203,0.000196,0.000268,0.000337,0.002069,3408,0.000000,0.000000
free-deployment-average-233-3f5aa011b66d,0.000199,0.000190,0.000263,0.000353,0.002659,3407,0.000000,0.000000
prod-deployment-average-12-532a40bc86e9,0.000241,0.000236,0.000332,0.000376,0.001527,3406,0.000000,0.000000
free-deployment-average-252-f1ffeac2571a,0.000262,0.000253,0.000350,0.000399,0.001032,3405,0.000000,0.000000
batch-deployment-average-134-a7a2416294c9,0.000198,0.000190,0.000273,0.000362,0.001117,3404,0.000000,0.000000
prod-deployment-average-22-9a6fb963902e,0.000248,0.000236,0.000342,0.000394,0.002206,3403,0.000000,0.000000
free-deployment-average-250-bf2cd9a9df35,0.000294,0.000284,0.000363,0.000434,0.004047,3402,0.000000,0.000000
prod-deployment-average-18-310a437a767d,0.000192,0.000187,0.000241,0.000288,0.001527,3401,0.000000,0.000000
batch-deployment-average-127-ebaf44fc905b,0.000280,0.000275,0.000361,0.000409,0.001010,3400,0.000000,0.000000
free-deployment-average-240-3f39cd2a269a,0.000255,0.000242,0.000355,0.000399,0.001773,3399,0.000000,0.000000
free-deployment-average-196-8e0c80fba3ef,0.000266,0.000258,0.000350,0.000392,0.001155,3398,0.000000,0.000000
prod-deployment-average-71-04d83600dd78,0.000262,0.000252,0.000349,0.000396,0.003083,3397,0.000000,0.000000
prod-deployment-average-60-c4fa24e6f168,0.000270,0.000262,0.000353,0.000409,0.000873,3396,0.000000,0.000000
prod-deployment-average-42-acf212513fca,0.000201,0.000188,0.000298,0.000343,0.002633,3395,0.000000,0.000000
free-deployment-average-183-c57965d8fd91,0.000270,0.000260,0.000356,0.000408,0.012159,3394,0.000000,0.000000
prod-deployment-average-44-8c09c5217d12,0.000273,0.000267,0.000355,0.000402,0.001406,3393,0.000000,0.000000
batch-deployment-average-116-c619466103e6,0.000283,0.000278,0.000360,0.000421,0.001850,3392,0.000000,0.000000
prod-deployment-average-1-bc3ffd58b3bc,0.000259,0.000246,0.000360,0.000397,0.001959,3391,0.000000,0.000000
batch-deployment-average-92-eb55c8557f72,0.000238,0.000223,0.000342,0.000389,0.001104,3390,0.000000,0.000000
batch-deployment-average-106-5435fd1b5c3f,0.000221,0.000204,0.000320,0.000380,0.003070,3389,0.000000,0.000000
free-deployment-average-256-2c2981a5c8b4,0.000249,0.000234,0.000349,0.000406,0.004086,3388,0.000000,0.000000
prod-deployment-average-56-01fe52a7501e,0.000264,0.000257,0.000350,0.000383,0.002017,3387,0.000000,0.000000
free-deployment-average-220-b61f8ab675e4,0.000270,0.000260,0.000357,0.000402,0.003381,3386,0.000000,0.000000
batch-deployment-average-82-cd50a6312210,0.000263,0.000252,0.000357,0.000399,0.000920,3384,0.000000,0.000000
batch-deployment-average-125-2da98861d32b,0.000259,0.000248,0.000351,0.000395,0.000704,3385,0.000000,0.000000
prod-deployment-average-3-6a0049113e56,0.000227,0.000206,0.000344,0.000386,0.003274,3383,0.000000,0.000000
free-deployment-average-195-9a37d9cb60ac,0.000207,0.000195,0.000305,0.000362,0.001314,3382,0.000000,0.000000
prod-deployment-average-29-502a275144b9,0.000207,0.000198,0.000282,0.000355,0.000980,3381,0.000000,0.000000
batch-deployment-average-112-f77666d6111d,0.000206,0.000196,0.000293,0.000370,0.001388,3380,0.000000,0.000000
free-deployment-average-254-2a259b4c2303,0.000196,0.000190,0.000274,0.000345,0.001007,3379,0.000000,0.000000
prod-deployment-average-6-0f0d9112f044,0.000200,0.000190,0.000257,0.000329,0.003471,3378,0.000000,0.000000
free-deployment-average-224-fe2046edffe9,0.000196,0.000190,0.000250,0.000315,0.001013,3377,0.000000,0.000000
prod-deployment-average-62-22a576e899ec,0.000202,0.000192,0.000254,0.000332,0.004102,3376,0.000000,0.000000
free-deployment-average-253-5798b6ec0f57,0.000201,0.000193,0.000252,0.000333,0.003691,3375,0.000000,0.000000
free-deployment-average-207-723bc853e759,0.000240,0.000227,0.000349,0.000403,0.004046,3374,0.000000,0.000000
free-deployment-average-191-c533d75b39f3,0.000212,0.000203,0.000284,0.000368,0.000987,3372,0.000000,0.000000
prod-deployment-average-10-1275f9484f44,0.000189,0.000182,0.000242,0.000319,0.001240,3373,0.000000,0.000000
free-deployment-average-247-67d9919c78ed,0.000229,0.000221,0.000305,0.000363,0.001024,3370,0.000000,0.000000
prod-deployment-average-68-a2267363955b,0.000219,0.000208,0.000313,0.000372,0.001975,3371,0.000000,0.000000
prod-deployment-average-31-f1a57fd906dc,0.000248,0.000239,0.000330,0.000407,0.001061,3369,0.000000,0.000000
batch-deployment-average-148-ee609bd0c304,0.000203,0.000195,0.000261,0.000326,0.003363,3368,0.000000,0.000000
free-deployment-average-206-b7bccfe3c978,0.000189,0.000184,0.000232,0.000291,0.000681,3367,0.000000,0.000000
batch-deployment-average-138-05da6ac0953f,0.000196,0.000189,0.000252,0.000311,0.001351,3366,0.000000,0.000000
prod-deployment-average-33-e55b898c5581,0.000208,0.000192,0.000317,0.000364,0.001515,3365,0.000000,0.000000
free-deployment-average-255-a1f36ae7017b,0.000192,0.000185,0.000246,0.000328,0.002317,3364,0.000000,0.000000
batch-deployment-average-154-33e63d2cf15f,0.000250,0.000238,0.000348,0.000400,0.001681,3363,0.000000,0.000000
prod-deployment-average-38-fe8c97443c35,0.000198,0.000188,0.000259,0.000337,0.003455,3362,0.000000,0.000000
batch-deployment-average-122-a8cb750ecdc2,0.000208,0.000195,0.000301,0.000371,0.000724,3361,0.000000,0.000000
free-deployment-average-227-d0b13cfb120d,0.000216,0.000201,0.000317,0.000385,0.001426,3360,0.000000,0.000000
free-deployment-average-223-f31459c0d4e3,0.000219,0.000206,0.000298,0.000371,0.002813,3359,0.000000,0.000000
prod-deployment-average-53-5b49d150a630,0.000226,0.000207,0.000332,0.000395,0.004079,3358,0.000000,0.000000
free-deployment-average-205-3b155121ce45,0.000253,0.000243,0.000345,0.000390,0.001421,3357,0.000000,0.000000
free-deployment-average-234-3765fa888fdc,0.000247,0.000243,0.000335,0.000388,0.002507,3356,0.000000,0.000000
free-deployment-average-229-ce1b964415b0,0.000193,0.000186,0.000238,0.000316,0.002109,3355,0.000000,0.000000
free-deployment-average-200-9a8d7103c7e7,0.000260,0.000249,0.000356,0.000398,0.001543,3354,0.000000,0.000000
batch-deployment-average-120-93befff25649,0.000272,0.000259,0.000357,0.000404,0.008273,3353,0.000000,0.000000
